80 0.281250 0.141667 0.178125 0.220833
80 0.460938 0.147917 0.178125 0.229167
80 0.635938 0.146875 0.175000 0.231250
80 0.815625 0.141667 0.171875 0.237500
80 0.281250 0.370833 0.178125 0.225000
80 0.457813 0.375000 0.175000 0.225000
80 0.631250 0.381250 0.171875 0.225000
80 0.812500 0.377083 0.175000 0.225000
80 0.280469 0.606250 0.173437 0.233333
80 0.456250 0.611458 0.181250 0.227083
80 0.631250 0.615625 0.171875 0.231250
80 0.808594 0.609375 0.179688 0.231250
80 0.280469 0.844792 0.179688 0.227083
80 0.459375 0.840625 0.171875 0.227083
80 0.628125 0.851042 0.162500 0.227083
80 0.805469 0.850000 0.182812 0.237500
